2.966547074898984626e-04
5.026374055021858717e-04
7.149300621522788890e-04
9.278869254964254272e-04
1.145033261934470152e-03
1.349295587141915087e-03
1.558905561191893056e-03
1.769408367255317178e-03
1.981787480313529880e-03
2.192074938196263752e-03
2.398877635566245246e-03
2.609286971896115827e-03
2.823466315278179602e-03
3.032284873509123214e-03
3.240263258943403783e-03
3.449210129864554737e-03
3.658588147515196617e-03
3.868476949266977123e-03
4.078898888458283578e-03
4.289390876967645767e-03
4.498336005546935655e-03
4.706498529473824959e-03
4.917111919158227880e-03
5.126216914174227916e-03
5.335525146837033668e-03
5.546637228956934236e-03
5.757318819254808942e-03
5.965884044590281411e-03
6.174512302159506673e-03
6.382689291137190295e-03
6.592966228838451244e-03
6.803071477756516584e-03
7.012468357711048282e-03
7.221931098214148630e-03
7.431013426352079711e-03
7.641421195292931803e-03
7.850348339566352515e-03
8.058543964390256498e-03
8.267679698272283745e-03
8.474390228356347768e-03
8.683694552423897040e-03
8.895231310388544699e-03
9.103270927960959921e-03
9.309096662808708303e-03
9.520226836819543903e-03
9.733474501046092409e-03
9.938705295916398091e-03
1.014276285011308718e-02
1.035952160570019313e-02
1.058558707823724181e-02
1.079309781631961063e-02
1.096153184631506843e-02
1.117463731591161920e-02
1.139895344442202162e-02
1.160831593109899230e-02
